[0.10944165 0.08072938 0.07125261 0.08479619]
[0.04184463 0.0453524  0.03531314 0.08886708]
[0.06795874 0.04894549 0.03939226 0.07444809]
[0.05747822 0.0281393  0.01907414 0.02643916]
[0.11198432 0.06483005 0.06179734 0.05962203]
[0. 0. 0. 0.]
[0.09109917 0.08654694 0.09083652 0.09102637]
[0. 0. 0. 0.]
[0.08130991 0.10635473 0.0985738  0.16939236]
[0.208456   0.27315834 0.22843903 0.10645811]
[0.22748257 0.29938    0.25959805 0.13080376]
[0. 0. 0. 0.]
[0. 0. 0. 0.]
[0.18530077 0.33003727 0.39165398 0.24647015]
[0.3350309  0.56958294 0.6181232  0.5360135 ]
[0.29863796 0.6018661  0.6463813  0.5730382 ]